z_values: [6.0, 12.5]
N_mass: 3000
n_tracks: 1000
bins: 20
workers: 85
elapsed_seconds: 81.552

z=6
median_dust_ratio: 1.219294
median_intrinsic_ratio: 1.209034

z=12.5
median_dust_ratio: 0.383146
median_intrinsic_ratio: 0.383955
